fitness = 65
positions	0	1	0	0	0	1	1	0	1	1	0	1	1	0	1	0	1	0	0	0	1	0	0	0	1	0	0	0	1	0	1	1	1	1	1	1	1	1	1	1	1	1	1	1	1	1	1	1	1	1	0	0	0	0	0	0	0	0	0	0	0	0	0	0	0	0	0	0	0	0	0	0	0	0	0	1	1	1	1	1	0	0	1	0	0	1	1	0	1	0	0	1	0	1	1	1	0	1	1	0	
fitness = 65
positions	0	1	1	0	1	1	0	0	0	0	0	1	1	1	0	0	1	0	0	0	1	0	0	0	1	0	0	0	1	0	1	1	1	1	1	1	1	1	1	1	1	1	1	1	1	1	1	1	1	1	0	0	0	0	0	0	0	0	0	0	0	0	0	0	0	0	0	0	0	0	0	0	0	0	0	1	1	1	1	1	1	1	1	1	1	0	0	1	0	0	1	0	1	0	0	0	1	0	1	0	
fitness = 65
positions	0	1	1	1	1	0	0	1	0	1	1	0	0	1	0	0	1	0	0	0	1	0	0	0	1	0	0	0	1	0	1	1	1	1	1	1	1	1	1	1	1	1	1	1	1	1	1	1	1	1	0	0	0	0	0	0	0	0	0	0	0	0	0	0	0	0	0	0	0	0	0	0	0	0	0	1	1	1	1	1	1	1	0	1	0	0	0	1	1	0	0	0	0	0	0	1	1	1	0	1	
fitness = 65
positions	1	0	0	1	1	1	0	1	1	1	0	0	1	0	0	0	1	0	0	0	1	0	0	0	1	0	0	0	1	0	1	1	1	1	1	1	1	1	1	1	1	1	1	1	1	1	1	1	1	1	0	0	0	0	0	0	0	0	0	0	0	0	0	0	0	0	0	0	0	0	0	0	0	0	0	1	1	1	1	1	1	0	0	1	1	1	1	0	0	0	0	0	1	1	0	1	0	1	0	0	
fitness = 65
positions	0	1	0	1	0	0	1	1	1	0	0	0	1	0	0	0	1	0	0	0	1	0	0	0	1	0	0	0	1	0	1	1	1	1	1	1	1	1	1	1	1	1	1	1	1	1	1	1	1	1	0	0	0	0	0	0	0	0	0	0	0	0	0	0	0	0	0	0	0	0	0	0	0	0	0	1	1	1	1	1	0	1	0	1	0	1	1	0	1	0	0	1	1	0	1	1	0	1	0	0	
fitness = 64
positions	1	1	0	1	0	0	1	1	1	1	1	0	0	0	1	0	1	0	0	0	1	0	0	0	1	0	0	0	1	0	1	1	1	1	1	1	1	1	1	1	1	1	1	1	1	1	1	1	1	1	0	0	0	0	0	0	0	0	0	1	0	0	0	0	0	0	0	0	0	0	0	0	0	0	0	1	1	1	1	1	1	0	0	1	0	0	1	1	1	1	1	1	1	0	0	0	1	0	1	0	
fitness = 65
positions	1	0	0	1	1	1	0	1	1	0	1	0	1	1	0	0	1	0	0	0	1	0	0	0	1	0	0	0	1	0	1	1	1	1	1	1	1	1	1	1	1	1	1	1	1	1	1	1	1	1	0	0	0	0	0	0	0	0	0	0	0	0	0	0	0	0	0	0	0	0	0	0	0	0	0	1	1	1	1	1	0	0	1	1	0	1	1	0	0	0	0	1	0	0	1	0	1	1	1	1	
fitness = 65
positions	1	1	0	1	0	1	1	0	1	0	1	1	1	0	1	0	1	0	0	0	1	0	0	0	1	0	0	0	1	0	1	1	1	1	1	1	1	1	1	1	1	1	1	1	1	1	1	1	1	1	0	0	0	0	0	0	0	0	0	0	0	0	0	0	0	0	0	0	0	0	0	0	0	0	0	1	1	1	1	1	1	1	1	0	0	1	1	1	1	1	1	1	1	1	1	0	0	0	1	0	
fitness = 65
positions	1	1	0	0	0	0	0	0	1	0	0	1	1	0	1	0	1	0	0	0	1	0	0	0	1	0	0	0	1	0	1	1	1	1	1	1	1	1	1	1	1	1	1	1	1	1	1	1	1	1	0	0	0	0	0	0	0	0	0	0	0	0	0	0	0	0	0	0	0	0	0	0	0	0	0	1	1	1	1	1	0	0	1	1	0	0	1	0	1	0	0	1	0	0	0	0	0	0	1	1	
fitness = 65
positions	1	1	1	0	0	1	1	1	0	0	1	1	1	0	0	0	1	0	0	0	1	0	0	0	1	0	0	0	1	0	1	1	1	1	1	1	1	1	1	1	1	1	1	1	1	1	1	1	1	1	0	0	0	0	0	0	0	0	0	0	0	0	0	0	0	0	0	0	0	0	0	0	0	0	0	1	1	1	1	1	1	1	0	0	1	1	0	1	0	0	0	0	0	0	1	1	0	1	0	1	
fitness = 65
positions	1	1	1	1	0	1	0	1	0	1	0	0	1	1	0	0	1	0	0	0	1	0	0	0	1	0	0	0	1	0	1	1	1	1	1	1	1	1	1	1	1	1	1	1	1	1	1	1	1	1	0	0	0	0	0	0	0	0	0	0	0	0	0	0	0	0	0	0	0	0	0	0	0	0	0	1	1	1	1	1	1	0	0	0	0	0	1	0	1	1	1	0	1	0	0	0	1	1	0	0	
fitness = 65
positions	1	0	1	1	1	0	0	0	1	1	0	1	1	0	0	0	1	0	0	0	1	0	0	0	1	0	0	0	1	0	1	1	1	1	1	1	1	1	1	1	1	1	1	1	1	1	1	1	1	1	0	0	0	0	0	0	0	0	0	0	0	0	0	0	0	0	0	0	0	0	0	0	0	0	0	1	1	1	1	1	1	1	0	0	1	1	1	0	0	0	1	0	0	0	1	1	1	0	0	1	
fitness = 65
positions	0	1	0	0	1	1	1	1	0	1	0	1	0	1	1	0	1	0	0	0	1	0	0	0	1	0	0	0	1	0	1	1	1	1	1	1	1	1	1	1	1	1	1	1	1	1	1	1	1	1	0	0	0	0	0	0	0	0	0	0	0	0	0	0	0	0	0	0	0	0	0	0	0	0	0	1	1	1	1	1	0	0	1	1	1	1	0	0	0	1	0	0	1	0	1	0	0	0	1	0	
fitness = 65
positions	0	1	0	0	1	1	0	0	0	1	1	1	0	0	1	0	1	0	0	0	1	0	0	0	1	0	0	0	1	0	1	1	1	1	1	1	1	1	1	1	1	1	1	1	1	1	1	1	1	1	0	0	0	0	0	0	0	0	0	0	0	0	0	0	0	0	0	0	0	0	0	0	0	0	0	1	1	1	1	1	0	1	1	0	1	0	1	1	1	0	0	0	1	0	0	0	1	0	1	0	
fitness = 65
positions	0	1	0	0	1	0	0	1	0	0	1	0	0	0	1	0	1	0	0	0	1	0	0	0	1	0	0	0	1	0	1	1	1	1	1	1	1	1	1	1	1	1	1	1	1	1	1	1	1	1	0	0	0	0	0	0	0	0	0	0	0	0	0	0	0	0	0	0	0	0	0	0	0	0	0	1	1	1	1	1	1	1	0	1	1	0	1	0	0	0	1	0	1	0	1	0	1	0	0	0	
fitness = 65
positions	0	1	0	0	0	1	0	1	1	1	1	0	0	1	0	0	1	0	0	0	1	0	0	0	1	0	0	0	1	0	1	1	1	1	1	1	1	1	1	1	1	1	1	1	1	1	1	1	1	1	0	0	0	0	0	0	0	0	0	0	0	0	0	0	0	0	0	0	0	0	0	0	0	0	0	1	1	1	1	1	0	1	0	0	0	0	0	0	0	0	0	0	1	0	1	1	1	0	1	1	
fitness = 65
positions	0	0	1	0	1	0	0	0	1	1	1	0	0	1	0	0	1	0	0	0	1	0	0	0	1	0	0	0	1	0	1	1	1	1	1	1	1	1	1	1	1	1	1	1	1	1	1	1	1	1	0	0	0	0	0	0	0	0	0	0	0	0	0	0	0	0	0	0	0	0	0	0	0	0	0	1	1	1	1	1	1	1	0	1	0	1	1	0	1	1	1	0	0	1	1	0	1	0	1	0	
fitness = 65
positions	1	1	0	1	0	0	0	1	0	0	0	1	1	0	0	0	1	0	0	0	1	0	0	0	1	0	0	0	1	0	1	1	1	1	1	1	1	1	1	1	1	1	1	1	1	1	1	1	1	1	0	0	0	0	0	0	0	0	0	0	0	0	0	0	0	0	0	0	0	0	0	0	0	0	0	1	1	1	1	1	0	0	1	0	0	1	0	1	1	1	0	1	1	0	0	1	1	0	0	1	
fitness = 65
positions	0	1	0	1	0	1	0	0	1	0	1	0	0	1	0	0	1	0	0	0	1	0	0	0	1	0	0	0	1	0	1	1	1	1	1	1	1	1	1	1	1	1	1	1	1	1	1	1	1	1	0	0	0	0	0	0	0	0	0	0	0	0	0	0	0	0	0	0	0	0	0	0	0	0	0	1	1	1	1	1	1	1	0	0	1	0	1	0	0	0	0	0	0	0	1	1	1	0	1	1	
fitness = 65
positions	1	1	0	0	0	1	1	0	1	1	1	0	1	1	0	0	1	0	0	0	1	0	0	0	1	0	0	0	1	0	1	1	1	1	1	1	1	1	1	1	1	1	1	1	1	1	1	1	1	1	0	0	0	0	0	0	0	0	0	0	0	0	0	0	0	0	0	0	0	0	0	0	0	0	0	1	1	1	1	1	1	1	0	1	1	1	1	1	0	0	1	0	1	0	0	0	0	1	0	1	
fitness = 65
positions	0	1	0	1	0	0	0	1	1	0	0	0	1	1	1	0	1	0	0	0	1	0	0	0	1	0	0	0	1	0	1	1	1	1	1	1	1	1	1	1	1	1	1	1	1	1	1	1	1	1	0	0	0	0	0	0	0	0	0	0	0	0	0	0	0	0	0	0	0	0	0	0	0	0	0	1	1	1	1	1	1	1	0	1	1	0	1	1	1	1	0	1	1	0	1	0	1	1	0	1	
fitness = 65
positions	1	0	0	0	1	1	0	0	0	0	0	0	0	1	1	0	1	0	0	0	1	0	0	0	1	0	0	0	1	0	1	1	1	1	1	1	1	1	1	1	1	1	1	1	1	1	1	1	1	1	0	0	0	0	0	0	0	0	0	0	0	0	0	0	0	0	0	0	0	0	0	0	0	0	0	1	1	1	1	1	1	0	1	0	0	0	1	0	0	0	0	0	1	0	0	1	0	0	1	0	
fitness = 65
positions	1	0	1	1	1	0	0	1	1	1	0	0	0	1	1	0	1	0	0	0	1	0	0	0	1	0	0	0	1	0	1	1	1	1	1	1	1	1	1	1	1	1	1	1	1	1	1	1	1	1	0	0	0	0	0	0	0	0	0	0	0	0	0	0	0	0	0	0	0	0	0	0	0	0	0	1	1	1	1	1	0	0	1	1	0	0	0	1	0	1	1	0	0	0	1	0	0	1	1	0	
fitness = 65
positions	1	0	0	0	1	1	0	1	0	1	1	0	0	0	1	0	1	0	0	0	1	0	0	0	1	0	0	0	1	0	1	1	1	1	1	1	1	1	1	1	1	1	1	1	1	1	1	1	1	1	0	0	0	0	0	0	0	0	0	0	0	0	0	0	0	0	0	0	0	0	0	0	0	0	0	1	1	1	1	1	1	1	1	0	0	1	1	1	0	0	0	0	1	0	1	0	1	1	1	0	
fitness = 65
positions	1	1	0	0	1	1	1	1	1	1	0	1	1	0	1	0	1	0	0	0	1	0	0	0	1	0	0	0	1	0	1	1	1	1	1	1	1	1	1	1	1	1	1	1	1	1	1	1	1	1	0	0	0	0	0	0	0	0	0	0	0	0	0	0	0	0	0	0	0	0	0	0	0	0	0	1	1	1	1	1	1	1	1	0	0	1	0	1	0	1	1	1	0	0	0	1	1	0	0	1	
fitness = 65
positions	1	0	1	0	1	0	1	0	1	1	1	1	0	0	0	0	1	0	0	0	1	0	0	0	1	0	0	0	1	0	1	1	1	1	1	1	1	1	1	1	1	1	1	1	1	1	1	1	1	1	0	0	0	0	0	0	0	0	0	0	0	0	0	0	0	0	0	0	0	0	0	0	0	0	0	1	1	1	1	1	0	0	0	1	1	0	0	1	1	1	1	1	1	1	0	1	1	1	1	0	
fitness = 65
positions	0	1	1	0	1	1	0	0	1	1	1	1	0	0	1	0	1	0	0	0	1	0	0	0	1	0	0	0	1	0	1	1	1	1	1	1	1	1	1	1	1	1	1	1	1	1	1	1	1	1	0	0	0	0	0	0	0	0	0	0	0	0	0	0	0	0	0	0	0	0	0	0	0	0	0	1	1	1	1	1	0	1	1	1	1	0	1	1	0	1	0	0	0	1	1	1	0	1	1	1	
fitness = 65
positions	1	1	1	1	0	1	0	0	0	0	1	0	0	0	1	0	1	0	0	0	1	0	0	0	1	0	0	0	1	0	1	1	1	1	1	1	1	1	1	1	1	1	1	1	1	1	1	1	1	1	0	0	0	0	0	0	0	0	0	0	0	0	0	0	0	0	0	0	0	0	0	0	0	0	0	1	1	1	1	1	1	0	0	0	1	1	0	1	1	0	1	1	0	0	0	0	1	1	0	0	
fitness = 64
positions	0	0	1	0	0	1	0	0	0	1	0	0	1	1	0	0	1	0	0	0	1	0	0	0	1	0	0	0	1	0	1	1	1	1	1	1	1	1	1	1	1	1	1	1	1	1	1	1	1	1	0	0	0	0	0	0	0	0	0	0	0	0	0	0	0	0	0	0	0	0	0	0	0	0	0	1	1	1	0	1	0	1	1	0	1	1	0	1	1	0	0	1	0	0	0	0	1	0	0	1	
fitness = 65
positions	0	1	1	0	1	0	0	0	1	0	1	1	0	0	1	0	1	0	0	0	1	0	0	0	1	0	0	0	1	0	1	1	1	1	1	1	1	1	1	1	1	1	1	1	1	1	1	1	1	1	0	0	0	0	0	0	0	0	0	0	0	0	0	0	0	0	0	0	0	0	0	0	0	0	0	1	1	1	1	1	1	0	1	0	0	0	1	1	1	1	0	0	1	1	0	1	0	1	1	0	
